25 79 7 
26 147 7 
25 271 7 
26 339 7 
25 463 7 
26 531 7 
25 655 7 
26 723 7 
35 793 9 
27 111 11 
25 227 11 
27 303 11 
25 419 11 
27 495 11 
25 611 11 
27 687 11 
25 803 11 
19 89 19 
18 321 19 
18 325 19 
18 329 19 
18 333 19 
18 337 19 
18 341 19 
18 345 19 
18 349 19 
18 365 19 
18 369 19 
18 373 19 
19 377 19 
19 437 19 
18 485 19 
18 489 19 
18 493 19 
18 513 19 
19 517 19 
19 521 19 
18 525 19 
17 753 19 
17 757 19 
17 749 23 
17 753 23 
17 757 23 
17 745 27 
17 749 27 
17 753 27 
17 757 27 
17 741 31 
17 745 31 
17 749 31 
17 753 31 
17 757 31 
23 809 31 
19 65 35 
18 81 35 
19 85 35 
18 89 35 
19 93 35 
18 97 35 
16 185 35 
16 229 35 
18 309 35 
19 313 35 
18 317 35 
18 377 35 
18 401 35 
18 405 35 
19 425 35 
19 437 35 
19 449 35 
18 473 35 
18 517 35 
18 521 35 
17 549 35 
17 561 35 
17 605 35 
17 609 35 
17 621 35 
18 673 35 
18 677 35 
19 681 35 
18 685 35 
17 737 35 
17 741 35 
17 745 35 
17 749 35 
17 753 35 
17 757 35 
15 153 39 
17 545 39 
17 549 39 
17 561 39 
17 565 39 
17 601 39 
17 605 39 
17 609 39 
17 621 39 
17 625 39 
17 733 39 
17 737 39 
17 741 39 
17 745 39 
17 749 39 
17 753 39 
17 757 39 
28 1 42 
28 193 42 
28 385 42 
28 577 42 
28 769 42 
14 113 43 
17 541 43 
17 545 43 
17 549 43 
17 561 43 
17 565 43 
17 569 43 
17 597 43 
17 601 43 
17 605 43 
17 609 43 
17 621 43 
17 625 43 
17 629 43 
14 653 43 
14 717 43 
17 729 43 
17 733 43 
17 737 43 
17 741 43 
17 745 43 
17 749 43 
17 753 43 
17 757 43 
29 65 46 
29 257 46 
29 449 46 
29 641 46 
29 833 46 
13 47 47 
11 95 47 
35 167 47 
13 239 47 
11 287 47 
35 359 47 
13 431 47 
11 479 47 
17 537 47 
17 541 47 
17 545 47 
17 549 47 
35 551 47 
17 561 47 
17 565 47 
17 569 47 
17 573 47 
17 593 47 
17 597 47 
17 601 47 
17 605 47 
17 609 47 
17 621 47 
17 625 47 
17 629 47 
17 633 47 
11 671 47 
17 725 47 
17 729 47 
17 733 47 
17 737 47 
17 741 47 
17 745 47 
17 749 47 
17 753 47 
17 757 47 
22 1 51 
22 5 51 
22 9 51 
22 13 51 
22 17 51 
22 21 51 
22 25 51 
22 29 51 
22 33 51 
22 37 51 
22 41 51 
22 45 51 
22 49 51 
22 53 51 
22 57 51 
22 61 51 
22 65 51 
22 69 51 
22 73 51 
22 77 51 
22 81 51 
22 85 51 
22 89 51 
22 93 51 
22 97 51 
22 101 51 
22 105 51 
22 109 51 
22 113 51 
22 117 51 
22 121 51 
22 125 51 
22 129 51 
22 133 51 
22 137 51 
22 141 51 
22 145 51 
22 149 51 
22 153 51 
22 157 51 
22 161 51 
22 165 51 
22 169 51 
22 173 51 
22 177 51 
22 181 51 
22 185 51 
22 189 51 
22 193 51 
22 197 51 
22 201 51 
22 205 51 
22 209 51 
22 213 51 
22 217 51 
22 221 51 
22 225 51 
22 229 51 
22 233 51 
22 237 51 
22 241 51 
22 245 51 
22 249 51 
22 253 51 
22 257 51 
22 261 51 
22 265 51 
22 269 51 
22 273 51 
22 285 51 
22 289 51 
22 293 51 
22 297 51 
22 301 51 
22 305 51 
22 309 51 
22 313 51 
22 317 51 
22 321 51 
22 325 51 
22 329 51 
22 333 51 
22 337 51 
22 341 51 
22 357 51 
22 361 51 
22 365 51 
22 369 51 
22 373 51 
22 377 51 
22 381 51 
22 385 51 
22 389 51 
22 393 51 
22 397 51 
22 401 51 
22 405 51 
22 409 51 
22 413 51 
22 417 51 
22 421 51 
22 425 51 
22 429 51 
22 433 51 
22 437 51 
22 441 51 
22 445 51 
22 449 51 
22 453 51 
22 457 51 
22 461 51 
22 465 51 
22 469 51 
22 473 51 
22 477 51 
22 481 51 
22 485 51 
22 489 51 
22 493 51 
22 497 51 
22 501 51 
22 505 51 
22 509 51 
22 513 51 
22 517 51 
22 521 51 
22 525 51 
22 529 51 
22 533 51 
22 537 51 
22 541 51 
22 545 51 
22 549 51 
22 553 51 
22 557 51 
22 561 51 
22 565 51 
22 569 51 
22 573 51 
22 577 51 
22 581 51 
22 585 51 
22 589 51 
22 593 51 
22 597 51 
22 601 51 
22 605 51 
22 609 51 
22 621 51 
22 625 51 
22 629 51 
22 633 51 
22 637 51 
22 641 51 
22 645 51 
22 649 51 
22 653 51 
22 657 51 
22 661 51 
22 665 51 
22 669 51 
22 673 51 
22 677 51 
22 681 51 
22 685 51 
22 689 51 
22 693 51 
22 697 51 
22 701 51 
22 705 51 
22 709 51 
22 713 51 
22 717 51 
22 721 51 
22 725 51 
22 729 51 
22 733 51 
22 737 51 
22 741 51 
22 745 51 
22 749 51 
22 753 51 
22 757 51 
22 761 51 
22 765 51 
22 769 51 
22 773 51 
22 777 51 
22 781 51 
22 785 51 
22 789 51 
22 793 51 
22 797 51 
22 801 51 
22 805 51 
22 809 51 
22 813 51 
22 817 51 
22 821 51 
22 825 51 
22 829 51 
22 833 51 
22 837 51 
22 841 51 
22 845 51 
35 62 63 
20 1 64 
20 17 64 
20 21 64 
20 25 64 
20 29 64 
20 33 64 
20 37 64 
20 41 64 
20 1 67 
20 1 70 
20 1 74 
32 22 76 
32 26 76 
32 30 76 
32 34 76 
32 38 76 
20 1 78 
20 1 82 
32 18 84 
32 22 84 
32 26 84 
32 30 84 
32 34 84 
32 38 84 
32 42 84 
20 1 86 
20 1 90 
32 18 92 
32 22 92 
32 26 92 
32 30 92 
32 34 92 
32 38 92 
32 42 92 
20 1 94 
20 17 96 
20 21 96 
20 25 96 
20 29 96 
20 33 96 
20 37 96 
20 41 96 
20 1 98 
20 25 99 
20 29 99 
20 41 99 
20 17 100 
20 21 100 
20 33 100 
20 37 100 
30 53 100 
20 1 102 
20 29 102 
20 41 102 
20 17 103 
20 21 103 
20 25 103 
20 33 103 
20 37 104 
20 29 105 
20 1 106 
20 17 106 
20 21 106 
20 25 106 
20 33 106 
20 41 106 
21 1 108 
21 5 108 
21 9 108 
21 13 108 
21 17 108 
21 21 108 
21 25 108 
21 29 108 
21 33 108 
21 37 108 
21 41 108 
21 45 108 
21 49 108 
21 53 108 
21 57 108 
21 61 108 
